0000000000000000000
0000000000010000001
0000000000100000010
0000000000110000011
0000000001000000100
0000000001010000101
0000000001100000110
0000000001110000111
0000000010000001000
0000000010010001001
0000000010100001010
0000000010110001011
0000000011000001100
0000000011010001101
0000000011100001110
0000000011110001111
0000000100000010000
0000000100010010001
0000000100100010010
0000000100110010011
0000000101000010100
0000000101010010101
0000000101100010110
0000000101110010111
0000000110000011000
0000000110010011001
0000000110100011010
0000000110110011011
0000000111000011100
0000000111010011101
0000000111100011110
0000000111110011111
0000001000000100000
0000001000010100001
0000001000100100010
0000001000110100011
0000001001000100100
0000001001010100101
0000001001100100110
0000001001110100111
0000001010000101000
0000001010010101001
0000001010100101010
0000001010110101011
0000001011000101100
0000001011010101101
0000001011100101110
0000001011110101111
0000001100000110000
0000001100010110001
0000001100100110010
0000001100110110011
0000001101000110100
0000001101010110101
0000001101100110110
0000001101110110111
0000001110000111000
0000001110010111001
0000001110100111010
0000001110110111011
0000001111000111100
0000001111010111101
0000001111100111110
0000001111110111111
0000010000000000001
0000010000010000010
0000010000100000011
0000010000110000100
0000010001000000101
0000010001010000110
0000010001100000111
0000010001110001000
0000010010000001001
0000010010010001010
0000010010100001011
0000010010110001100
0000010011000001101
0000010011010001110
0000010011100001111
0000010011110010000
0000010100000010001
0000010100010010010
0000010100100010011
0000010100110010100
0000010101000010101
0000010101010010110
0000010101100010111
0000010101110011000
0000010110000011001
0000010110010011010
0000010110100011011
0000010110110011100
0000010111000011101
0000010111010011110
0000010111100011111
0000010111110100000
0000011000000100001
0000011000010100010
0000011000100100011
0000011000110100100
0000011001000100101
0000011001010100110
0000011001100100111
0000011001110101000
0000011010000101001
0000011010010101010
0000011010100101011
0000011010110101100
0000011011000101101
0000011011010101110
0000011011100101111
0000011011110110000
0000011100000110001
0000011100010110010
0000011100100110011
0000011100110110100
0000011101000110101
0000011101010110110
0000011101100110111
0000011101110111000
0000011110000111001
0000011110010111010
0000011110100111011
0000011110110111100
0000011111000111101
0000011111010111110
0000011111100111111
0000011111111000000
0000100000000000010
0000100000010000011
0000100000100000100
0000100000110000101
0000100001000000110
0000100001010000111
0000100001100001000
0000100001110001001
0000100010000001010
0000100010010001011
0000100010100001100
0000100010110001101
0000100011000001110
0000100011010001111
0000100011100010000
0000100011110010001
0000100100000010010
0000100100010010011
0000100100100010100
0000100100110010101
0000100101000010110
0000100101010010111
0000100101100011000
0000100101110011001
0000100110000011010
0000100110010011011
0000100110100011100
0000100110110011101
0000100111000011110
0000100111010011111
0000100111100100000
0000100111110100001
0000101000000100010
0000101000010100011
0000101000100100100
0000101000110100101
0000101001000100110
0000101001010100111
0000101001100101000
0000101001110101001
0000101010000101010
0000101010010101011
0000101010100101100
0000101010110101101
0000101011000101110
0000101011010101111
0000101011100110000
0000101011110110001
0000101100000110010
0000101100010110011
0000101100100110100
0000101100110110101
0000101101000110110
0000101101010110111
0000101101100111000
0000101101110111001
0000101110000111010
0000101110010111011
0000101110100111100
0000101110110111101
0000101111000111110
0000101111010111111
0000101111101000000
0000101111111000001
0000110000000000011
0000110000010000100
0000110000100000101
0000110000110000110
0000110001000000111
0000110001010001000
0000110001100001001
0000110001110001010
0000110010000001011
0000110010010001100
0000110010100001101
0000110010110001110
0000110011000001111
0000110011010010000
0000110011100010001
0000110011110010010
0000110100000010011
0000110100010010100
0000110100100010101
0000110100110010110
0000110101000010111
0000110101010011000
0000110101100011001
0000110101110011010
0000110110000011011
0000110110010011100
0000110110100011101
0000110110110011110
0000110111000011111
0000110111010100000
0000110111100100001
0000110111110100010
0000111000000100011
0000111000010100100
0000111000100100101
0000111000110100110
0000111001000100111
0000111001010101000
0000111001100101001
0000111001110101010
0000111010000101011
0000111010010101100
0000111010100101101
0000111010110101110
0000111011000101111
0000111011010110000
0000111011100110001
0000111011110110010
0000111100000110011
0000111100010110100
0000111100100110101
0000111100110110110
0000111101000110111
0000111101010111000
0000111101100111001
0000111101110111010
0000111110000111011
0000111110010111100
0000111110100111101
0000111110110111110
0000111111000111111
0000111111011000000
0000111111101000001
0000111111111000010
0001000000000000100
0001000000010000101
0001000000100000110
0001000000110000111
0001000001000001000
0001000001010001001
0001000001100001010
0001000001110001011
0001000010000001100
0001000010010001101
0001000010100001110
0001000010110001111
0001000011000010000
0001000011010010001
0001000011100010010
0001000011110010011
0001000100000010100
0001000100010010101
0001000100100010110
0001000100110010111
0001000101000011000
0001000101010011001
0001000101100011010
0001000101110011011
0001000110000011100
0001000110010011101
0001000110100011110
0001000110110011111
0001000111000100000
0001000111010100001
0001000111100100010
0001000111110100011
0001001000000100100
0001001000010100101
0001001000100100110
0001001000110100111
0001001001000101000
0001001001010101001
0001001001100101010
0001001001110101011
0001001010000101100
0001001010010101101
0001001010100101110
0001001010110101111
0001001011000110000
0001001011010110001
0001001011100110010
0001001011110110011
0001001100000110100
0001001100010110101
0001001100100110110
0001001100110110111
0001001101000111000
0001001101010111001
0001001101100111010
0001001101110111011
0001001110000111100
0001001110010111101
0001001110100111110
0001001110110111111
0001001111001000000
0001001111011000001
0001001111101000010
0001001111111000011
0001010000000000101
0001010000010000110
0001010000100000111
0001010000110001000
0001010001000001001
0001010001010001010
0001010001100001011
0001010001110001100
0001010010000001101
0001010010010001110
0001010010100001111
0001010010110010000
0001010011000010001
0001010011010010010
0001010011100010011
0001010011110010100
0001010100000010101
0001010100010010110
0001010100100010111
0001010100110011000
0001010101000011001
0001010101010011010
0001010101100011011
0001010101110011100
0001010110000011101
0001010110010011110
0001010110100011111
0001010110110100000
0001010111000100001
0001010111010100010
0001010111100100011
0001010111110100100
0001011000000100101
0001011000010100110
0001011000100100111
0001011000110101000
0001011001000101001
0001011001010101010
0001011001100101011
0001011001110101100
0001011010000101101
0001011010010101110
0001011010100101111
0001011010110110000
0001011011000110001
0001011011010110010
0001011011100110011
0001011011110110100
0001011100000110101
0001011100010110110
0001011100100110111
0001011100110111000
0001011101000111001
0001011101010111010
0001011101100111011
0001011101110111100
0001011110000111101
0001011110010111110
0001011110100111111
0001011110111000000
0001011111001000001
0001011111011000010
0001011111101000011
0001011111111000100
0001100000000000110
0001100000010000111
0001100000100001000
0001100000110001001
0001100001000001010
0001100001010001011
0001100001100001100
0001100001110001101
0001100010000001110
0001100010010001111
0001100010100010000
0001100010110010001
0001100011000010010
0001100011010010011
0001100011100010100
0001100011110010101
0001100100000010110
0001100100010010111
0001100100100011000
0001100100110011001
0001100101000011010
0001100101010011011
0001100101100011100
0001100101110011101
0001100110000011110
0001100110010011111
0001100110100100000
0001100110110100001
0001100111000100010
0001100111010100011
0001100111100100100
0001100111110100101
0001101000000100110
0001101000010100111
0001101000100101000
0001101000110101001
0001101001000101010
0001101001010101011
0001101001100101100
0001101001110101101
0001101010000101110
0001101010010101111
0001101010100110000
0001101010110110001
0001101011000110010
0001101011010110011
0001101011100110100
0001101011110110101
0001101100000110110
0001101100010110111
0001101100100111000
0001101100110111001
0001101101000111010
0001101101010111011
0001101101100111100
0001101101110111101
0001101110000111110
0001101110010111111
0001101110101000000
0001101110111000001
0001101111001000010
0001101111011000011
0001101111101000100
0001101111111000101
0001110000000000111
0001110000010001000
0001110000100001001
0001110000110001010
0001110001000001011
0001110001010001100
0001110001100001101
0001110001110001110
0001110010000001111
0001110010010010000
0001110010100010001
0001110010110010010
0001110011000010011
0001110011010010100
0001110011100010101
0001110011110010110
0001110100000010111
0001110100010011000
0001110100100011001
0001110100110011010
0001110101000011011
0001110101010011100
0001110101100011101
0001110101110011110
0001110110000011111
0001110110010100000
0001110110100100001
0001110110110100010
0001110111000100011
0001110111010100100
0001110111100100101
0001110111110100110
0001111000000100111
0001111000010101000
0001111000100101001
0001111000110101010
0001111001000101011
0001111001010101100
0001111001100101101
0001111001110101110
0001111010000101111
0001111010010110000
0001111010100110001
0001111010110110010
0001111011000110011
0001111011010110100
0001111011100110101
0001111011110110110
0001111100000110111
0001111100010111000
0001111100100111001
0001111100110111010
0001111101000111011
0001111101010111100
0001111101100111101
0001111101110111110
0001111110000111111
0001111110011000000
0001111110101000001
0001111110111000010
0001111111001000011
0001111111011000100
0001111111101000101
0001111111111000110
0010000000000001000
0010000000010001001
0010000000100001010
0010000000110001011
0010000001000001100
0010000001010001101
0010000001100001110
0010000001110001111
0010000010000010000
0010000010010010001
0010000010100010010
0010000010110010011
0010000011000010100
0010000011010010101
0010000011100010110
0010000011110010111
0010000100000011000
0010000100010011001
0010000100100011010
0010000100110011011
0010000101000011100
0010000101010011101
0010000101100011110
0010000101110011111
0010000110000100000
0010000110010100001
0010000110100100010
0010000110110100011
0010000111000100100
0010000111010100101
0010000111100100110
0010000111110100111
0010001000000101000
0010001000010101001
0010001000100101010
0010001000110101011
0010001001000101100
0010001001010101101
0010001001100101110
0010001001110101111
0010001010000110000
0010001010010110001
0010001010100110010
0010001010110110011
0010001011000110100
0010001011010110101
0010001011100110110
0010001011110110111
0010001100000111000
0010001100010111001
0010001100100111010
0010001100110111011
0010001101000111100
0010001101010111101
0010001101100111110
0010001101110111111
0010001110001000000
0010001110011000001
0010001110101000010
0010001110111000011
0010001111001000100
0010001111011000101
0010001111101000110
0010001111111000111
0010010000000001001
0010010000010001010
0010010000100001011
0010010000110001100
0010010001000001101
0010010001010001110
0010010001100001111
0010010001110010000
0010010010000010001
0010010010010010010
0010010010100010011
0010010010110010100
0010010011000010101
0010010011010010110
0010010011100010111
0010010011110011000
0010010100000011001
0010010100010011010
0010010100100011011
0010010100110011100
0010010101000011101
0010010101010011110
0010010101100011111
0010010101110100000
0010010110000100001
0010010110010100010
0010010110100100011
0010010110110100100
0010010111000100101
0010010111010100110
0010010111100100111
0010010111110101000
0010011000000101001
0010011000010101010
0010011000100101011
0010011000110101100
0010011001000101101
0010011001010101110
0010011001100101111
0010011001110110000
0010011010000110001
0010011010010110010
0010011010100110011
0010011010110110100
0010011011000110101
0010011011010110110
0010011011100110111
0010011011110111000
0010011100000111001
0010011100010111010
0010011100100111011
0010011100110111100
0010011101000111101
0010011101010111110
0010011101100111111
0010011101111000000
0010011110001000001
0010011110011000010
0010011110101000011
0010011110111000100
0010011111001000101
0010011111011000110
0010011111101000111
0010011111111001000
0010100000000001010
0010100000010001011
0010100000100001100
0010100000110001101
0010100001000001110
0010100001010001111
0010100001100010000
0010100001110010001
0010100010000010010
0010100010010010011
0010100010100010100
0010100010110010101
0010100011000010110
0010100011010010111
0010100011100011000
0010100011110011001
0010100100000011010
0010100100010011011
0010100100100011100
0010100100110011101
0010100101000011110
0010100101010011111
0010100101100100000
0010100101110100001
0010100110000100010
0010100110010100011
0010100110100100100
0010100110110100101
0010100111000100110
0010100111010100111
0010100111100101000
0010100111110101001
0010101000000101010
0010101000010101011
0010101000100101100
0010101000110101101
0010101001000101110
0010101001010101111
0010101001100110000
0010101001110110001
0010101010000110010
0010101010010110011
0010101010100110100
0010101010110110101
0010101011000110110
0010101011010110111
0010101011100111000
0010101011110111001
0010101100000111010
0010101100010111011
0010101100100111100
0010101100110111101
0010101101000111110
0010101101010111111
0010101101101000000
0010101101111000001
0010101110001000010
0010101110011000011
0010101110101000100
0010101110111000101
0010101111001000110
0010101111011000111
0010101111101001000
0010101111111001001
0010110000000001011
0010110000010001100
0010110000100001101
0010110000110001110
0010110001000001111
0010110001010010000
0010110001100010001
0010110001110010010
0010110010000010011
0010110010010010100
0010110010100010101
0010110010110010110
0010110011000010111
0010110011010011000
0010110011100011001
0010110011110011010
0010110100000011011
0010110100010011100
0010110100100011101
0010110100110011110
0010110101000011111
0010110101010100000
0010110101100100001
0010110101110100010
0010110110000100011
0010110110010100100
0010110110100100101
0010110110110100110
0010110111000100111
0010110111010101000
0010110111100101001
0010110111110101010
0010111000000101011
0010111000010101100
0010111000100101101
0010111000110101110
0010111001000101111
0010111001010110000
0010111001100110001
0010111001110110010
0010111010000110011
0010111010010110100
0010111010100110101
0010111010110110110
0010111011000110111
0010111011010111000
0010111011100111001
0010111011110111010
0010111100000111011
0010111100010111100
0010111100100111101
0010111100110111110
0010111101000111111
0010111101011000000
0010111101101000001
0010111101111000010
0010111110001000011
0010111110011000100
0010111110101000101
0010111110111000110
0010111111001000111
0010111111011001000
0010111111101001001
0010111111111001010
0011000000000001100
0011000000010001101
0011000000100001110
0011000000110001111
0011000001000010000
0011000001010010001
0011000001100010010
0011000001110010011
0011000010000010100
0011000010010010101
0011000010100010110
0011000010110010111
0011000011000011000
0011000011010011001
0011000011100011010
0011000011110011011
0011000100000011100
0011000100010011101
0011000100100011110
0011000100110011111
0011000101000100000
0011000101010100001
0011000101100100010
0011000101110100011
0011000110000100100
0011000110010100101
0011000110100100110
0011000110110100111
0011000111000101000
0011000111010101001
0011000111100101010
0011000111110101011
0011001000000101100
0011001000010101101
0011001000100101110
0011001000110101111
0011001001000110000
0011001001010110001
0011001001100110010
0011001001110110011
0011001010000110100
0011001010010110101
0011001010100110110
0011001010110110111
0011001011000111000
0011001011010111001
0011001011100111010
0011001011110111011
0011001100000111100
0011001100010111101
0011001100100111110
0011001100110111111
0011001101001000000
0011001101011000001
0011001101101000010
0011001101111000011
0011001110001000100
0011001110011000101
0011001110101000110
0011001110111000111
0011001111001001000
0011001111011001001
0011001111101001010
0011001111111001011
0011010000000001101
0011010000010001110
0011010000100001111
0011010000110010000
0011010001000010001
0011010001010010010
0011010001100010011
0011010001110010100
0011010010000010101
0011010010010010110
0011010010100010111
0011010010110011000
0011010011000011001
0011010011010011010
0011010011100011011
0011010011110011100
0011010100000011101
0011010100010011110
0011010100100011111
0011010100110100000
0011010101000100001
0011010101010100010
0011010101100100011
0011010101110100100
0011010110000100101
0011010110010100110
0011010110100100111
0011010110110101000
0011010111000101001
0011010111010101010
0011010111100101011
0011010111110101100
0011011000000101101
0011011000010101110
0011011000100101111
0011011000110110000
0011011001000110001
0011011001010110010
0011011001100110011
0011011001110110100
0011011010000110101
0011011010010110110
0011011010100110111
0011011010110111000
0011011011000111001
0011011011010111010
0011011011100111011
0011011011110111100
0011011100000111101
0011011100010111110
0011011100100111111
0011011100111000000
0011011101001000001
0011011101011000010
0011011101101000011
0011011101111000100
0011011110001000101
0011011110011000110
0011011110101000111
0011011110111001000
0011011111001001001
0011011111011001010
0011011111101001011
0011011111111001100
0011100000000001110
0011100000010001111
0011100000100010000
0011100000110010001
0011100001000010010
0011100001010010011
0011100001100010100
0011100001110010101
0011100010000010110
0011100010010010111
0011100010100011000
0011100010110011001
0011100011000011010
0011100011010011011
0011100011100011100
0011100011110011101
0011100100000011110
0011100100010011111
0011100100100100000
0011100100110100001
0011100101000100010
0011100101010100011
0011100101100100100
0011100101110100101
0011100110000100110
0011100110010100111
0011100110100101000
0011100110110101001
0011100111000101010
0011100111010101011
0011100111100101100
0011100111110101101
0011101000000101110
0011101000010101111
0011101000100110000
0011101000110110001
0011101001000110010
0011101001010110011
0011101001100110100
0011101001110110101
0011101010000110110
0011101010010110111
0011101010100111000
0011101010110111001
0011101011000111010
0011101011010111011
0011101011100111100
0011101011110111101
0011101100000111110
0011101100010111111
0011101100101000000
0011101100111000001
0011101101001000010
0011101101011000011
0011101101101000100
0011101101111000101
0011101110001000110
0011101110011000111
0011101110101001000
0011101110111001001
0011101111001001010
0011101111011001011
0011101111101001100
0011101111111001101
0011110000000001111
0011110000010010000
0011110000100010001
0011110000110010010
0011110001000010011
0011110001010010100
0011110001100010101
0011110001110010110
0011110010000010111
0011110010010011000
0011110010100011001
0011110010110011010
0011110011000011011
0011110011010011100
0011110011100011101
0011110011110011110
0011110100000011111
0011110100010100000
0011110100100100001
0011110100110100010
0011110101000100011
0011110101010100100
0011110101100100101
0011110101110100110
0011110110000100111
0011110110010101000
0011110110100101001
0011110110110101010
0011110111000101011
0011110111010101100
0011110111100101101
0011110111110101110
0011111000000101111
0011111000010110000
0011111000100110001
0011111000110110010
0011111001000110011
0011111001010110100
0011111001100110101
0011111001110110110
0011111010000110111
0011111010010111000
0011111010100111001
0011111010110111010
0011111011000111011
0011111011010111100
0011111011100111101
0011111011110111110
0011111100000111111
0011111100011000000
0011111100101000001
0011111100111000010
0011111101001000011
0011111101011000100
0011111101101000101
0011111101111000110
0011111110001000111
0011111110011001000
0011111110101001001
0011111110111001010
0011111111001001011
0011111111011001100
0011111111101001101
0011111111111001110
0100000000000010000
0100000000010010001
0100000000100010010
0100000000110010011
0100000001000010100
0100000001010010101
0100000001100010110
0100000001110010111
0100000010000011000
0100000010010011001
0100000010100011010
0100000010110011011
0100000011000011100
0100000011010011101
0100000011100011110
0100000011110011111
0100000100000100000
0100000100010100001
0100000100100100010
0100000100110100011
0100000101000100100
0100000101010100101
0100000101100100110
0100000101110100111
0100000110000101000
0100000110010101001
0100000110100101010
0100000110110101011
0100000111000101100
0100000111010101101
0100000111100101110
0100000111110101111
0100001000000110000
0100001000010110001
0100001000100110010
0100001000110110011
0100001001000110100
0100001001010110101
0100001001100110110
0100001001110110111
0100001010000111000
0100001010010111001
0100001010100111010
0100001010110111011
0100001011000111100
0100001011010111101
0100001011100111110
0100001011110111111
0100001100001000000
0100001100011000001
0100001100101000010
0100001100111000011
0100001101001000100
0100001101011000101
0100001101101000110
0100001101111000111
0100001110001001000
0100001110011001001
0100001110101001010
0100001110111001011
0100001111001001100
0100001111011001101
0100001111101001110
0100001111111001111
0100010000000010001
0100010000010010010
0100010000100010011
0100010000110010100
0100010001000010101
0100010001010010110
0100010001100010111
0100010001110011000
0100010010000011001
0100010010010011010
0100010010100011011
0100010010110011100
0100010011000011101
0100010011010011110
0100010011100011111
0100010011110100000
0100010100000100001
0100010100010100010
0100010100100100011
0100010100110100100
0100010101000100101
0100010101010100110
0100010101100100111
0100010101110101000
0100010110000101001
0100010110010101010
0100010110100101011
0100010110110101100
0100010111000101101
0100010111010101110
0100010111100101111
0100010111110110000
0100011000000110001
0100011000010110010
0100011000100110011
0100011000110110100
0100011001000110101
0100011001010110110
0100011001100110111
0100011001110111000
0100011010000111001
0100011010010111010
0100011010100111011
0100011010110111100
0100011011000111101
0100011011010111110
0100011011100111111
0100011011111000000
0100011100001000001
0100011100011000010
0100011100101000011
0100011100111000100
0100011101001000101
0100011101011000110
0100011101101000111
0100011101111001000
0100011110001001001
0100011110011001010
0100011110101001011
0100011110111001100
0100011111001001101
0100011111011001110
0100011111101001111
0100011111111010000
0100100000000010010
0100100000010010011
0100100000100010100
0100100000110010101
0100100001000010110
0100100001010010111
0100100001100011000
0100100001110011001
0100100010000011010
0100100010010011011
0100100010100011100
0100100010110011101
0100100011000011110
0100100011010011111
0100100011100100000
0100100011110100001
0100100100000100010
0100100100010100011
0100100100100100100
0100100100110100101
0100100101000100110
0100100101010100111
0100100101100101000
0100100101110101001
0100100110000101010
0100100110010101011
0100100110100101100
0100100110110101101
0100100111000101110
0100100111010101111
0100100111100110000
0100100111110110001
0100101000000110010
0100101000010110011
0100101000100110100
0100101000110110101
0100101001000110110
0100101001010110111
0100101001100111000
0100101001110111001
0100101010000111010
0100101010010111011
0100101010100111100
0100101010110111101
0100101011000111110
0100101011010111111
0100101011101000000
0100101011111000001
0100101100001000010
0100101100011000011
0100101100101000100
0100101100111000101
0100101101001000110
0100101101011000111
0100101101101001000
0100101101111001001
0100101110001001010
0100101110011001011
0100101110101001100
0100101110111001101
0100101111001001110
0100101111011001111
0100101111101010000
0100101111111010001
0100110000000010011
0100110000010010100
0100110000100010101
0100110000110010110
0100110001000010111
0100110001010011000
0100110001100011001
0100110001110011010
0100110010000011011
0100110010010011100
0100110010100011101
0100110010110011110
0100110011000011111
0100110011010100000
0100110011100100001
0100110011110100010
0100110100000100011
0100110100010100100
0100110100100100101
0100110100110100110
0100110101000100111
0100110101010101000
0100110101100101001
0100110101110101010
0100110110000101011
0100110110010101100
0100110110100101101
0100110110110101110
0100110111000101111
0100110111010110000
0100110111100110001
0100110111110110010
0100111000000110011
0100111000010110100
0100111000100110101
0100111000110110110
0100111001000110111
0100111001010111000
0100111001100111001
0100111001110111010
0100111010000111011
0100111010010111100
0100111010100111101
0100111010110111110
0100111011000111111
0100111011011000000
0100111011101000001
0100111011111000010
0100111100001000011
0100111100011000100
0100111100101000101
0100111100111000110
0100111101001000111
0100111101011001000
0100111101101001001
0100111101111001010
0100111110001001011
0100111110011001100
0100111110101001101
0100111110111001110
0100111111001001111
0100111111011010000
0100111111101010001
0100111111111010010
0101000000000010100
0101000000010010101
0101000000100010110
0101000000110010111
0101000001000011000
0101000001010011001
0101000001100011010
0101000001110011011
0101000010000011100
0101000010010011101
0101000010100011110
0101000010110011111
0101000011000100000
0101000011010100001
0101000011100100010
0101000011110100011
0101000100000100100
0101000100010100101
0101000100100100110
0101000100110100111
0101000101000101000
0101000101010101001
0101000101100101010
0101000101110101011
0101000110000101100
0101000110010101101
0101000110100101110
0101000110110101111
0101000111000110000
0101000111010110001
0101000111100110010
0101000111110110011
0101001000000110100
0101001000010110101
0101001000100110110
0101001000110110111
0101001001000111000
0101001001010111001
0101001001100111010
0101001001110111011
0101001010000111100
0101001010010111101
0101001010100111110
0101001010110111111
0101001011001000000
0101001011011000001
0101001011101000010
0101001011111000011
0101001100001000100
0101001100011000101
0101001100101000110
0101001100111000111
0101001101001001000
0101001101011001001
0101001101101001010
0101001101111001011
0101001110001001100
0101001110011001101
0101001110101001110
0101001110111001111
0101001111001010000
0101001111011010001
0101001111101010010
0101001111111010011
0101010000000010101
0101010000010010110
0101010000100010111
0101010000110011000
0101010001000011001
0101010001010011010
0101010001100011011
0101010001110011100
0101010010000011101
0101010010010011110
0101010010100011111
0101010010110100000
0101010011000100001
0101010011010100010
0101010011100100011
0101010011110100100
0101010100000100101
0101010100010100110
0101010100100100111
0101010100110101000
0101010101000101001
0101010101010101010
0101010101100101011
0101010101110101100
0101010110000101101
0101010110010101110
0101010110100101111
0101010110110110000
0101010111000110001
0101010111010110010
0101010111100110011
0101010111110110100
0101011000000110101
0101011000010110110
0101011000100110111
0101011000110111000
0101011001000111001
0101011001010111010
0101011001100111011
0101011001110111100
0101011010000111101
0101011010010111110
0101011010100111111
0101011010111000000
0101011011001000001
0101011011011000010
0101011011101000011
0101011011111000100
0101011100001000101
0101011100011000110
0101011100101000111
0101011100111001000
0101011101001001001
0101011101011001010
0101011101101001011
0101011101111001100
0101011110001001101
0101011110011001110
0101011110101001111
0101011110111010000
0101011111001010001
0101011111011010010
0101011111101010011
0101011111111010100
0101100000000010110
0101100000010010111
0101100000100011000
0101100000110011001
0101100001000011010
0101100001010011011
0101100001100011100
0101100001110011101
0101100010000011110
0101100010010011111
0101100010100100000
0101100010110100001
0101100011000100010
0101100011010100011
0101100011100100100
0101100011110100101
0101100100000100110
0101100100010100111
0101100100100101000
0101100100110101001
0101100101000101010
0101100101010101011
0101100101100101100
0101100101110101101
0101100110000101110
0101100110010101111
0101100110100110000
0101100110110110001
0101100111000110010
0101100111010110011
0101100111100110100
0101100111110110101
0101101000000110110
0101101000010110111
0101101000100111000
0101101000110111001
0101101001000111010
0101101001010111011
0101101001100111100
0101101001110111101
0101101010000111110
0101101010010111111
0101101010101000000
0101101010111000001
0101101011001000010
0101101011011000011
0101101011101000100
0101101011111000101
0101101100001000110
0101101100011000111
0101101100101001000
0101101100111001001
0101101101001001010
0101101101011001011
0101101101101001100
0101101101111001101
0101101110001001110
0101101110011001111
0101101110101010000
0101101110111010001
0101101111001010010
0101101111011010011
0101101111101010100
0101101111111010101
0101110000000010111
0101110000010011000
0101110000100011001
0101110000110011010
0101110001000011011
0101110001010011100
0101110001100011101
0101110001110011110
0101110010000011111
0101110010010100000
0101110010100100001
0101110010110100010
0101110011000100011
0101110011010100100
0101110011100100101
0101110011110100110
0101110100000100111
0101110100010101000
0101110100100101001
0101110100110101010
0101110101000101011
0101110101010101100
0101110101100101101
0101110101110101110
0101110110000101111
0101110110010110000
0101110110100110001
0101110110110110010
0101110111000110011
0101110111010110100
0101110111100110101
0101110111110110110
0101111000000110111
0101111000010111000
0101111000100111001
0101111000110111010
0101111001000111011
0101111001010111100
0101111001100111101
0101111001110111110
0101111010000111111
0101111010011000000
0101111010101000001
0101111010111000010
0101111011001000011
0101111011011000100
0101111011101000101
0101111011111000110
0101111100001000111
0101111100011001000
0101111100101001001
0101111100111001010
0101111101001001011
0101111101011001100
0101111101101001101
0101111101111001110
0101111110001001111
0101111110011010000
0101111110101010001
0101111110111010010
0101111111001010011
0101111111011010100
0101111111101010101
0101111111111010110
0110000000000011000
0110000000010011001
0110000000100011010
0110000000110011011
0110000001000011100
0110000001010011101
0110000001100011110
0110000001110011111
0110000010000100000
0110000010010100001
0110000010100100010
0110000010110100011
0110000011000100100
0110000011010100101
0110000011100100110
0110000011110100111
0110000100000101000
0110000100010101001
0110000100100101010
0110000100110101011
0110000101000101100
0110000101010101101
0110000101100101110
0110000101110101111
0110000110000110000
0110000110010110001
0110000110100110010
0110000110110110011
0110000111000110100
0110000111010110101
0110000111100110110
0110000111110110111
0110001000000111000
0110001000010111001
0110001000100111010
0110001000110111011
0110001001000111100
0110001001010111101
0110001001100111110
0110001001110111111
0110001010001000000
0110001010011000001
0110001010101000010
0110001010111000011
0110001011001000100
0110001011011000101
0110001011101000110
0110001011111000111
0110001100001001000
0110001100011001001
0110001100101001010
0110001100111001011
0110001101001001100
0110001101011001101
0110001101101001110
0110001101111001111
0110001110001010000
0110001110011010001
0110001110101010010
0110001110111010011
0110001111001010100
0110001111011010101
0110001111101010110
0110001111111010111
0110010000000011001
0110010000010011010
0110010000100011011
0110010000110011100
0110010001000011101
0110010001010011110
0110010001100011111
0110010001110100000
0110010010000100001
0110010010010100010
0110010010100100011
0110010010110100100
0110010011000100101
0110010011010100110
0110010011100100111
0110010011110101000
0110010100000101001
0110010100010101010
0110010100100101011
0110010100110101100
0110010101000101101
0110010101010101110
0110010101100101111
0110010101110110000
0110010110000110001
0110010110010110010
0110010110100110011
0110010110110110100
0110010111000110101
0110010111010110110
0110010111100110111
0110010111110111000
0110011000000111001
0110011000010111010
0110011000100111011
0110011000110111100
0110011001000111101
0110011001010111110
0110011001100111111
0110011001111000000
0110011010001000001
0110011010011000010
0110011010101000011
0110011010111000100
0110011011001000101
0110011011011000110
0110011011101000111
0110011011111001000
0110011100001001001
0110011100011001010
0110011100101001011
0110011100111001100
0110011101001001101
0110011101011001110
0110011101101001111
0110011101111010000
0110011110001010001
0110011110011010010
0110011110101010011
0110011110111010100
0110011111001010101
0110011111011010110
0110011111101010111
0110011111111011000
0110100000000011010
0110100000010011011
0110100000100011100
0110100000110011101
0110100001000011110
0110100001010011111
0110100001100100000
0110100001110100001
0110100010000100010
0110100010010100011
0110100010100100100
0110100010110100101
0110100011000100110
0110100011010100111
0110100011100101000
0110100011110101001
0110100100000101010
0110100100010101011
0110100100100101100
0110100100110101101
0110100101000101110
0110100101010101111
0110100101100110000
0110100101110110001
0110100110000110010
0110100110010110011
0110100110100110100
0110100110110110101
0110100111000110110
0110100111010110111
0110100111100111000
0110100111110111001
0110101000000111010
0110101000010111011
0110101000100111100
0110101000110111101
0110101001000111110
0110101001010111111
0110101001101000000
0110101001111000001
0110101010001000010
0110101010011000011
0110101010101000100
0110101010111000101
0110101011001000110
0110101011011000111
0110101011101001000
0110101011111001001
0110101100001001010
0110101100011001011
0110101100101001100
0110101100111001101
0110101101001001110
0110101101011001111
0110101101101010000
0110101101111010001
0110101110001010010
0110101110011010011
0110101110101010100
0110101110111010101
0110101111001010110
0110101111011010111
0110101111101011000
0110101111111011001
0110110000000011011
0110110000010011100
0110110000100011101
0110110000110011110
0110110001000011111
0110110001010100000
0110110001100100001
0110110001110100010
0110110010000100011
0110110010010100100
0110110010100100101
0110110010110100110
0110110011000100111
0110110011010101000
0110110011100101001
0110110011110101010
0110110100000101011
0110110100010101100
0110110100100101101
0110110100110101110
0110110101000101111
0110110101010110000
0110110101100110001
0110110101110110010
0110110110000110011
0110110110010110100
0110110110100110101
0110110110110110110
0110110111000110111
0110110111010111000
0110110111100111001
0110110111110111010
0110111000000111011
0110111000010111100
0110111000100111101
0110111000110111110
0110111001000111111
0110111001011000000
0110111001101000001
0110111001111000010
0110111010001000011
0110111010011000100
0110111010101000101
0110111010111000110
0110111011001000111
0110111011011001000
0110111011101001001
0110111011111001010
0110111100001001011
0110111100011001100
0110111100101001101
0110111100111001110
0110111101001001111
0110111101011010000
0110111101101010001
0110111101111010010
0110111110001010011
0110111110011010100
0110111110101010101
0110111110111010110
0110111111001010111
0110111111011011000
0110111111101011001
0110111111111011010
0111000000000011100
0111000000010011101
0111000000100011110
0111000000110011111
0111000001000100000
0111000001010100001
0111000001100100010
0111000001110100011
0111000010000100100
0111000010010100101
0111000010100100110
0111000010110100111
0111000011000101000
0111000011010101001
0111000011100101010
0111000011110101011
0111000100000101100
0111000100010101101
0111000100100101110
0111000100110101111
0111000101000110000
0111000101010110001
0111000101100110010
0111000101110110011
0111000110000110100
0111000110010110101
0111000110100110110
0111000110110110111
0111000111000111000
0111000111010111001
0111000111100111010
0111000111110111011
0111001000000111100
0111001000010111101
0111001000100111110
0111001000110111111
0111001001001000000
0111001001011000001
0111001001101000010
0111001001111000011
0111001010001000100
0111001010011000101
0111001010101000110
0111001010111000111
0111001011001001000
0111001011011001001
0111001011101001010
0111001011111001011
0111001100001001100
0111001100011001101
0111001100101001110
0111001100111001111
0111001101001010000
0111001101011010001
0111001101101010010
0111001101111010011
0111001110001010100
0111001110011010101
0111001110101010110
0111001110111010111
0111001111001011000
0111001111011011001
0111001111101011010
0111001111111011011
0111010000000011101
0111010000010011110
0111010000100011111
0111010000110100000
0111010001000100001
0111010001010100010
0111010001100100011
0111010001110100100
0111010010000100101
0111010010010100110
0111010010100100111
0111010010110101000
0111010011000101001
0111010011010101010
0111010011100101011
0111010011110101100
0111010100000101101
0111010100010101110
0111010100100101111
0111010100110110000
0111010101000110001
0111010101010110010
0111010101100110011
0111010101110110100
0111010110000110101
0111010110010110110
0111010110100110111
0111010110110111000
0111010111000111001
0111010111010111010
0111010111100111011
0111010111110111100
0111011000000111101
0111011000010111110
0111011000100111111
0111011000111000000
0111011001001000001
0111011001011000010
0111011001101000011
0111011001111000100
0111011010001000101
0111011010011000110
0111011010101000111
0111011010111001000
0111011011001001001
0111011011011001010
0111011011101001011
0111011011111001100
0111011100001001101
0111011100011001110
0111011100101001111
0111011100111010000
0111011101001010001
0111011101011010010
0111011101101010011
0111011101111010100
0111011110001010101
0111011110011010110
0111011110101010111
0111011110111011000
0111011111001011001
0111011111011011010
0111011111101011011
0111011111111011100
0111100000000011110
0111100000010011111
0111100000100100000
0111100000110100001
0111100001000100010
0111100001010100011
0111100001100100100
0111100001110100101
0111100010000100110
0111100010010100111
0111100010100101000
0111100010110101001
0111100011000101010
0111100011010101011
0111100011100101100
0111100011110101101
0111100100000101110
0111100100010101111
0111100100100110000
0111100100110110001
0111100101000110010
0111100101010110011
0111100101100110100
0111100101110110101
0111100110000110110
0111100110010110111
0111100110100111000
0111100110110111001
0111100111000111010
0111100111010111011
0111100111100111100
0111100111110111101
0111101000000111110
0111101000010111111
0111101000101000000
0111101000111000001
0111101001001000010
0111101001011000011
0111101001101000100
0111101001111000101
0111101010001000110
0111101010011000111
0111101010101001000
0111101010111001001
0111101011001001010
0111101011011001011
0111101011101001100
0111101011111001101
0111101100001001110
0111101100011001111
0111101100101010000
0111101100111010001
0111101101001010010
0111101101011010011
0111101101101010100
0111101101111010101
0111101110001010110
0111101110011010111
0111101110101011000
0111101110111011001
0111101111001011010
0111101111011011011
0111101111101011100
0111101111111011101
0111110000000011111
0111110000010100000
0111110000100100001
0111110000110100010
0111110001000100011
0111110001010100100
0111110001100100101
0111110001110100110
0111110010000100111
0111110010010101000
0111110010100101001
0111110010110101010
0111110011000101011
0111110011010101100
0111110011100101101
0111110011110101110
0111110100000101111
0111110100010110000
0111110100100110001
0111110100110110010
0111110101000110011
0111110101010110100
0111110101100110101
0111110101110110110
0111110110000110111
0111110110010111000
0111110110100111001
0111110110110111010
0111110111000111011
0111110111010111100
0111110111100111101
0111110111110111110
0111111000000111111
0111111000011000000
0111111000101000001
0111111000111000010
0111111001001000011
0111111001011000100
0111111001101000101
0111111001111000110
0111111010001000111
0111111010011001000
0111111010101001001
0111111010111001010
0111111011001001011
0111111011011001100
0111111011101001101
0111111011111001110
0111111100001001111
0111111100011010000
0111111100101010001
0111111100111010010
0111111101001010011
0111111101011010100
0111111101101010101
0111111101111010110
0111111110001010111
0111111110011011000
0111111110101011001
0111111110111011010
0111111111001011011
0111111111011011100
0111111111101011101
0111111111111011110
1000000000000100000
1000000000010100001
1000000000100100010
1000000000110100011
1000000001000100100
1000000001010100101
1000000001100100110
1000000001110100111
1000000010000101000
1000000010010101001
1000000010100101010
1000000010110101011
1000000011000101100
1000000011010101101
1000000011100101110
1000000011110101111
1000000100000110000
1000000100010110001
1000000100100110010
1000000100110110011
1000000101000110100
1000000101010110101
1000000101100110110
1000000101110110111
1000000110000111000
1000000110010111001
1000000110100111010
1000000110110111011
1000000111000111100
1000000111010111101
1000000111100111110
1000000111110111111
1000001000001000000
1000001000011000001
1000001000101000010
1000001000111000011
1000001001001000100
1000001001011000101
1000001001101000110
1000001001111000111
1000001010001001000
1000001010011001001
1000001010101001010
1000001010111001011
1000001011001001100
1000001011011001101
1000001011101001110
1000001011111001111
1000001100001010000
1000001100011010001
1000001100101010010
1000001100111010011
1000001101001010100
1000001101011010101
1000001101101010110
1000001101111010111
1000001110001011000
1000001110011011001
1000001110101011010
1000001110111011011
1000001111001011100
1000001111011011101
1000001111101011110
1000001111111011111
1000010000000100001
1000010000010100010
1000010000100100011
1000010000110100100
1000010001000100101
1000010001010100110
1000010001100100111
1000010001110101000
1000010010000101001
1000010010010101010
1000010010100101011
1000010010110101100
1000010011000101101
1000010011010101110
1000010011100101111
1000010011110110000
1000010100000110001
1000010100010110010
1000010100100110011
1000010100110110100
1000010101000110101
1000010101010110110
1000010101100110111
1000010101110111000
1000010110000111001
1000010110010111010
1000010110100111011
1000010110110111100
1000010111000111101
1000010111010111110
1000010111100111111
1000010111111000000
1000011000001000001
1000011000011000010
1000011000101000011
1000011000111000100
1000011001001000101
1000011001011000110
1000011001101000111
1000011001111001000
1000011010001001001
1000011010011001010
1000011010101001011
1000011010111001100
1000011011001001101
1000011011011001110
1000011011101001111
1000011011111010000
1000011100001010001
1000011100011010010
1000011100101010011
1000011100111010100
1000011101001010101
1000011101011010110
1000011101101010111
1000011101111011000
1000011110001011001
1000011110011011010
1000011110101011011
1000011110111011100
1000011111001011101
1000011111011011110
1000011111101011111
1000011111111100000
1000100000000100010
1000100000010100011
1000100000100100100
1000100000110100101
1000100001000100110
1000100001010100111
1000100001100101000
1000100001110101001
1000100010000101010
1000100010010101011
1000100010100101100
1000100010110101101
1000100011000101110
1000100011010101111
1000100011100110000
1000100011110110001
1000100100000110010
1000100100010110011
1000100100100110100
1000100100110110101
1000100101000110110
1000100101010110111
1000100101100111000
1000100101110111001
1000100110000111010
1000100110010111011
1000100110100111100
1000100110110111101
1000100111000111110
1000100111010111111
1000100111101000000
1000100111111000001
1000101000001000010
1000101000011000011
1000101000101000100
1000101000111000101
1000101001001000110
1000101001011000111
1000101001101001000
1000101001111001001
1000101010001001010
1000101010011001011
1000101010101001100
1000101010111001101
1000101011001001110
1000101011011001111
1000101011101010000
1000101011111010001
1000101100001010010
1000101100011010011
1000101100101010100
1000101100111010101
1000101101001010110
1000101101011010111
1000101101101011000
1000101101111011001
1000101110001011010
1000101110011011011
1000101110101011100
1000101110111011101
1000101111001011110
1000101111011011111
1000101111101100000
1000101111111100001
1000110000000100011
1000110000010100100
1000110000100100101
1000110000110100110
1000110001000100111
1000110001010101000
1000110001100101001
1000110001110101010
1000110010000101011
1000110010010101100
1000110010100101101
1000110010110101110
1000110011000101111
1000110011010110000
1000110011100110001
1000110011110110010
1000110100000110011
1000110100010110100
1000110100100110101
1000110100110110110
1000110101000110111
1000110101010111000
1000110101100111001
1000110101110111010
1000110110000111011
1000110110010111100
1000110110100111101
1000110110110111110
1000110111000111111
1000110111011000000
1000110111101000001
1000110111111000010
1000111000001000011
1000111000011000100
1000111000101000101
1000111000111000110
1000111001001000111
1000111001011001000
1000111001101001001
1000111001111001010
1000111010001001011
1000111010011001100
1000111010101001101
1000111010111001110
1000111011001001111
1000111011011010000
1000111011101010001
1000111011111010010
1000111100001010011
1000111100011010100
1000111100101010101
1000111100111010110
1000111101001010111
1000111101011011000
1000111101101011001
1000111101111011010
1000111110001011011
1000111110011011100
1000111110101011101
1000111110111011110
1000111111001011111
1000111111011100000
1000111111101100001
1000111111111100010
1001000000000100100
1001000000010100101
1001000000100100110
1001000000110100111
1001000001000101000
1001000001010101001
1001000001100101010
1001000001110101011
1001000010000101100
1001000010010101101
1001000010100101110
1001000010110101111
1001000011000110000
1001000011010110001
1001000011100110010
1001000011110110011
1001000100000110100
1001000100010110101
1001000100100110110
1001000100110110111
1001000101000111000
1001000101010111001
1001000101100111010
1001000101110111011
1001000110000111100
1001000110010111101
1001000110100111110
1001000110110111111
1001000111001000000
1001000111011000001
1001000111101000010
1001000111111000011
1001001000001000100
1001001000011000101
1001001000101000110
1001001000111000111
1001001001001001000
1001001001011001001
1001001001101001010
1001001001111001011
1001001010001001100
1001001010011001101
1001001010101001110
1001001010111001111
1001001011001010000
1001001011011010001
1001001011101010010
1001001011111010011
1001001100001010100
1001001100011010101
1001001100101010110
1001001100111010111
1001001101001011000
1001001101011011001
1001001101101011010
1001001101111011011
1001001110001011100
1001001110011011101
1001001110101011110
1001001110111011111
1001001111001100000
1001001111011100001
1001001111101100010
1001001111111100011
1001010000000100101
1001010000010100110
1001010000100100111
1001010000110101000
1001010001000101001
1001010001010101010
1001010001100101011
1001010001110101100
1001010010000101101
1001010010010101110
1001010010100101111
1001010010110110000
1001010011000110001
1001010011010110010
1001010011100110011
1001010011110110100
1001010100000110101
1001010100010110110
1001010100100110111
1001010100110111000
1001010101000111001
1001010101010111010
1001010101100111011
1001010101110111100
1001010110000111101
1001010110010111110
1001010110100111111
1001010110111000000
1001010111001000001
1001010111011000010
1001010111101000011
1001010111111000100
1001011000001000101
1001011000011000110
1001011000101000111
1001011000111001000
1001011001001001001
1001011001011001010
1001011001101001011
1001011001111001100
1001011010001001101
1001011010011001110
1001011010101001111
1001011010111010000
1001011011001010001
1001011011011010010
1001011011101010011
1001011011111010100
1001011100001010101
1001011100011010110
1001011100101010111
1001011100111011000
1001011101001011001
1001011101011011010
1001011101101011011
1001011101111011100
1001011110001011101
1001011110011011110
1001011110101011111
1001011110111100000
1001011111001100001
1001011111011100010
1001011111101100011
1001011111111100100
1001100000000100110
1001100000010100111
1001100000100101000
1001100000110101001
1001100001000101010
1001100001010101011
1001100001100101100
1001100001110101101
1001100010000101110
1001100010010101111
1001100010100110000
1001100010110110001
1001100011000110010
1001100011010110011
1001100011100110100
1001100011110110101
1001100100000110110
1001100100010110111
1001100100100111000
1001100100110111001
1001100101000111010
1001100101010111011
1001100101100111100
1001100101110111101
1001100110000111110
1001100110010111111
1001100110101000000
1001100110111000001
1001100111001000010
1001100111011000011
1001100111101000100
1001100111111000101
1001101000001000110
1001101000011000111
1001101000101001000
1001101000111001001
1001101001001001010
1001101001011001011
1001101001101001100
1001101001111001101
1001101010001001110
1001101010011001111
1001101010101010000
1001101010111010001
1001101011001010010
1001101011011010011
1001101011101010100
1001101011111010101
1001101100001010110
1001101100011010111
1001101100101011000
1001101100111011001
1001101101001011010
1001101101011011011
1001101101101011100
1001101101111011101
1001101110001011110
1001101110011011111
1001101110101100000
1001101110111100001
1001101111001100010
1001101111011100011
1001101111101100100
1001101111111100101
1001110000000100111
1001110000010101000
1001110000100101001
1001110000110101010
1001110001000101011
1001110001010101100
1001110001100101101
1001110001110101110
1001110010000101111
1001110010010110000
1001110010100110001
1001110010110110010
1001110011000110011
1001110011010110100
1001110011100110101
1001110011110110110
1001110100000110111
1001110100010111000
1001110100100111001
1001110100110111010
1001110101000111011
1001110101010111100
1001110101100111101
1001110101110111110
1001110110000111111
1001110110011000000
1001110110101000001
1001110110111000010
1001110111001000011
1001110111011000100
1001110111101000101
1001110111111000110
1001111000001000111
1001111000011001000
1001111000101001001
1001111000111001010
1001111001001001011
1001111001011001100
1001111001101001101
1001111001111001110
1001111010001001111
1001111010011010000
1001111010101010001
1001111010111010010
1001111011001010011
1001111011011010100
1001111011101010101
1001111011111010110
1001111100001010111
1001111100011011000
1001111100101011001
1001111100111011010
1001111101001011011
1001111101011011100
1001111101101011101
1001111101111011110
1001111110001011111
1001111110011100000
1001111110101100001
1001111110111100010
1001111111001100011
1001111111011100100
1001111111101100101
1001111111111100110
1010000000000101000
1010000000010101001
1010000000100101010
1010000000110101011
1010000001000101100
1010000001010101101
1010000001100101110
1010000001110101111
1010000010000110000
1010000010010110001
1010000010100110010
1010000010110110011
1010000011000110100
1010000011010110101
1010000011100110110
1010000011110110111
1010000100000111000
1010000100010111001
1010000100100111010
1010000100110111011
1010000101000111100
1010000101010111101
1010000101100111110
1010000101110111111
1010000110001000000
1010000110011000001
1010000110101000010
1010000110111000011
1010000111001000100
1010000111011000101
1010000111101000110
1010000111111000111
1010001000001001000
1010001000011001001
1010001000101001010
1010001000111001011
1010001001001001100
1010001001011001101
1010001001101001110
1010001001111001111
1010001010001010000
1010001010011010001
1010001010101010010
1010001010111010011
1010001011001010100
1010001011011010101
1010001011101010110
1010001011111010111
1010001100001011000
1010001100011011001
1010001100101011010
1010001100111011011
1010001101001011100
1010001101011011101
1010001101101011110
1010001101111011111
1010001110001100000
1010001110011100001
1010001110101100010
1010001110111100011
1010001111001100100
1010001111011100101
1010001111101100110
1010001111111100111
1010010000000101001
1010010000010101010
1010010000100101011
1010010000110101100
1010010001000101101
1010010001010101110
1010010001100101111
1010010001110110000
1010010010000110001
1010010010010110010
1010010010100110011
1010010010110110100
1010010011000110101
1010010011010110110
1010010011100110111
1010010011110111000
1010010100000111001
1010010100010111010
1010010100100111011
1010010100110111100
1010010101000111101
1010010101010111110
1010010101100111111
1010010101111000000
1010010110001000001
1010010110011000010
1010010110101000011
1010010110111000100
1010010111001000101
1010010111011000110
1010010111101000111
1010010111111001000
1010011000001001001
1010011000011001010
1010011000101001011
1010011000111001100
1010011001001001101
1010011001011001110
1010011001101001111
1010011001111010000
1010011010001010001
1010011010011010010
1010011010101010011
1010011010111010100
1010011011001010101
1010011011011010110
1010011011101010111
1010011011111011000
1010011100001011001
1010011100011011010
1010011100101011011
1010011100111011100
1010011101001011101
1010011101011011110
1010011101101011111
1010011101111100000
1010011110001100001
1010011110011100010
1010011110101100011
1010011110111100100
1010011111001100101
1010011111011100110
1010011111101100111
1010011111111101000
1010100000000101010
1010100000010101011
1010100000100101100
1010100000110101101
1010100001000101110
1010100001010101111
1010100001100110000
1010100001110110001
1010100010000110010
1010100010010110011
1010100010100110100
1010100010110110101
1010100011000110110
1010100011010110111
1010100011100111000
1010100011110111001
1010100100000111010
1010100100010111011
1010100100100111100
1010100100110111101
1010100101000111110
1010100101010111111
1010100101101000000
1010100101111000001
1010100110001000010
1010100110011000011
1010100110101000100
1010100110111000101
1010100111001000110
1010100111011000111
1010100111101001000
1010100111111001001
1010101000001001010
1010101000011001011
1010101000101001100
1010101000111001101
1010101001001001110
1010101001011001111
1010101001101010000
1010101001111010001
1010101010001010010
1010101010011010011
1010101010101010100
1010101010111010101
1010101011001010110
1010101011011010111
1010101011101011000
1010101011111011001
1010101100001011010
1010101100011011011
1010101100101011100
1010101100111011101
1010101101001011110
1010101101011011111
1010101101101100000
1010101101111100001
1010101110001100010
1010101110011100011
1010101110101100100
1010101110111100101
1010101111001100110
1010101111011100111
1010101111101101000
1010101111111101001
1010110000000101011
1010110000010101100
1010110000100101101
1010110000110101110
1010110001000101111
1010110001010110000
1010110001100110001
1010110001110110010
1010110010000110011
1010110010010110100
1010110010100110101
1010110010110110110
1010110011000110111
1010110011010111000
1010110011100111001
1010110011110111010
1010110100000111011
1010110100010111100
1010110100100111101
1010110100110111110
1010110101000111111
1010110101011000000
1010110101101000001
1010110101111000010
1010110110001000011
1010110110011000100
1010110110101000101
1010110110111000110
1010110111001000111
1010110111011001000
1010110111101001001
1010110111111001010
1010111000001001011
1010111000011001100
1010111000101001101
1010111000111001110
1010111001001001111
1010111001011010000
1010111001101010001
1010111001111010010
1010111010001010011
1010111010011010100
1010111010101010101
1010111010111010110
1010111011001010111
1010111011011011000
1010111011101011001
1010111011111011010
1010111100001011011
1010111100011011100
1010111100101011101
1010111100111011110
1010111101001011111
1010111101011100000
1010111101101100001
1010111101111100010
1010111110001100011
1010111110011100100
1010111110101100101
1010111110111100110
1010111111001100111
1010111111011101000
1010111111101101001
1010111111111101010
1011000000000101100
1011000000010101101
1011000000100101110
1011000000110101111
1011000001000110000
1011000001010110001
1011000001100110010
1011000001110110011
1011000010000110100
1011000010010110101
1011000010100110110
1011000010110110111
1011000011000111000
1011000011010111001
1011000011100111010
1011000011110111011
1011000100000111100
1011000100010111101
1011000100100111110
1011000100110111111
1011000101001000000
1011000101011000001
1011000101101000010
1011000101111000011
1011000110001000100
1011000110011000101
1011000110101000110
1011000110111000111
1011000111001001000
1011000111011001001
1011000111101001010
1011000111111001011
1011001000001001100
1011001000011001101
1011001000101001110
1011001000111001111
1011001001001010000
1011001001011010001
1011001001101010010
1011001001111010011
1011001010001010100
1011001010011010101
1011001010101010110
1011001010111010111
1011001011001011000
1011001011011011001
1011001011101011010
1011001011111011011
1011001100001011100
1011001100011011101
1011001100101011110
1011001100111011111
1011001101001100000
1011001101011100001
1011001101101100010
1011001101111100011
1011001110001100100
1011001110011100101
1011001110101100110
1011001110111100111
1011001111001101000
1011001111011101001
1011001111101101010
1011001111111101011
1011010000000101101
1011010000010101110
1011010000100101111
1011010000110110000
1011010001000110001
1011010001010110010
1011010001100110011
1011010001110110100
1011010010000110101
1011010010010110110
1011010010100110111
1011010010110111000
1011010011000111001
1011010011010111010
1011010011100111011
1011010011110111100
1011010100000111101
1011010100010111110
1011010100100111111
1011010100111000000
1011010101001000001
1011010101011000010
1011010101101000011
1011010101111000100
1011010110001000101
1011010110011000110
1011010110101000111
1011010110111001000
1011010111001001001
1011010111011001010
1011010111101001011
1011010111111001100
1011011000001001101
1011011000011001110
1011011000101001111
1011011000111010000
1011011001001010001
1011011001011010010
1011011001101010011
1011011001111010100
1011011010001010101
1011011010011010110
1011011010101010111
1011011010111011000
1011011011001011001
1011011011011011010
1011011011101011011
1011011011111011100
1011011100001011101
1011011100011011110
1011011100101011111
1011011100111100000
1011011101001100001
1011011101011100010
1011011101101100011
1011011101111100100
1011011110001100101
1011011110011100110
1011011110101100111
1011011110111101000
1011011111001101001
1011011111011101010
1011011111101101011
1011011111111101100
1011100000000101110
1011100000010101111
1011100000100110000
1011100000110110001
1011100001000110010
1011100001010110011
1011100001100110100
1011100001110110101
1011100010000110110
1011100010010110111
1011100010100111000
1011100010110111001
1011100011000111010
1011100011010111011
1011100011100111100
1011100011110111101
1011100100000111110
1011100100010111111
1011100100101000000
1011100100111000001
1011100101001000010
1011100101011000011
1011100101101000100
1011100101111000101
1011100110001000110
1011100110011000111
1011100110101001000
1011100110111001001
1011100111001001010
1011100111011001011
1011100111101001100
1011100111111001101
1011101000001001110
1011101000011001111
1011101000101010000
1011101000111010001
1011101001001010010
1011101001011010011
1011101001101010100
1011101001111010101
1011101010001010110
1011101010011010111
1011101010101011000
1011101010111011001
1011101011001011010
1011101011011011011
1011101011101011100
1011101011111011101
1011101100001011110
1011101100011011111
1011101100101100000
1011101100111100001
1011101101001100010
1011101101011100011
1011101101101100100
1011101101111100101
1011101110001100110
1011101110011100111
1011101110101101000
1011101110111101001
1011101111001101010
1011101111011101011
1011101111101101100
1011101111111101101
1011110000000101111
1011110000010110000
1011110000100110001
1011110000110110010
1011110001000110011
1011110001010110100
1011110001100110101
1011110001110110110
1011110010000110111
1011110010010111000
1011110010100111001
1011110010110111010
1011110011000111011
1011110011010111100
1011110011100111101
1011110011110111110
1011110100000111111
1011110100011000000
1011110100101000001
1011110100111000010
1011110101001000011
1011110101011000100
1011110101101000101
1011110101111000110
1011110110001000111
1011110110011001000
1011110110101001001
1011110110111001010
1011110111001001011
1011110111011001100
1011110111101001101
1011110111111001110
1011111000001001111
1011111000011010000
1011111000101010001
1011111000111010010
1011111001001010011
1011111001011010100
1011111001101010101
1011111001111010110
1011111010001010111
1011111010011011000
1011111010101011001
1011111010111011010
1011111011001011011
1011111011011011100
1011111011101011101
1011111011111011110
1011111100001011111
1011111100011100000
1011111100101100001
1011111100111100010
1011111101001100011
1011111101011100100
1011111101101100101
1011111101111100110
1011111110001100111
1011111110011101000
1011111110101101001
1011111110111101010
1011111111001101011
1011111111011101100
1011111111101101101
1011111111111101110
1100000000000110000
1100000000010110001
1100000000100110010
1100000000110110011
1100000001000110100
1100000001010110101
1100000001100110110
1100000001110110111
1100000010000111000
1100000010010111001
1100000010100111010
1100000010110111011
1100000011000111100
1100000011010111101
1100000011100111110
1100000011110111111
1100000100001000000
1100000100011000001
1100000100101000010
1100000100111000011
1100000101001000100
1100000101011000101
1100000101101000110
1100000101111000111
1100000110001001000
1100000110011001001
1100000110101001010
1100000110111001011
1100000111001001100
1100000111011001101
1100000111101001110
1100000111111001111
1100001000001010000
1100001000011010001
1100001000101010010
1100001000111010011
1100001001001010100
1100001001011010101
1100001001101010110
1100001001111010111
1100001010001011000
1100001010011011001
1100001010101011010
1100001010111011011
1100001011001011100
1100001011011011101
1100001011101011110
1100001011111011111
1100001100001100000
1100001100011100001
1100001100101100010
1100001100111100011
1100001101001100100
1100001101011100101
1100001101101100110
1100001101111100111
1100001110001101000
1100001110011101001
1100001110101101010
1100001110111101011
1100001111001101100
1100001111011101101
1100001111101101110
1100001111111101111
1100010000000110001
1100010000010110010
1100010000100110011
1100010000110110100
1100010001000110101
1100010001010110110
1100010001100110111
1100010001110111000
1100010010000111001
1100010010010111010
1100010010100111011
1100010010110111100
1100010011000111101
1100010011010111110
1100010011100111111
1100010011111000000
1100010100001000001
1100010100011000010
1100010100101000011
1100010100111000100
1100010101001000101
1100010101011000110
1100010101101000111
1100010101111001000
1100010110001001001
1100010110011001010
1100010110101001011
1100010110111001100
1100010111001001101
1100010111011001110
1100010111101001111
1100010111111010000
1100011000001010001
1100011000011010010
1100011000101010011
1100011000111010100
1100011001001010101
1100011001011010110
1100011001101010111
1100011001111011000
1100011010001011001
1100011010011011010
1100011010101011011
1100011010111011100
1100011011001011101
1100011011011011110
1100011011101011111
1100011011111100000
1100011100001100001
1100011100011100010
1100011100101100011
1100011100111100100
1100011101001100101
1100011101011100110
1100011101101100111
1100011101111101000
1100011110001101001
1100011110011101010
1100011110101101011
1100011110111101100
1100011111001101101
1100011111011101110
1100011111101101111
1100011111111110000
1100100000000110010
1100100000010110011
1100100000100110100
1100100000110110101
1100100001000110110
1100100001010110111
1100100001100111000
1100100001110111001
1100100010000111010
1100100010010111011
1100100010100111100
1100100010110111101
1100100011000111110
1100100011010111111
1100100011101000000
1100100011111000001
1100100100001000010
1100100100011000011
1100100100101000100
1100100100111000101
1100100101001000110
1100100101011000111
1100100101101001000
1100100101111001001
1100100110001001010
1100100110011001011
1100100110101001100
1100100110111001101
1100100111001001110
1100100111011001111
1100100111101010000
1100100111111010001
1100101000001010010
1100101000011010011
1100101000101010100
1100101000111010101
1100101001001010110
1100101001011010111
1100101001101011000
1100101001111011001
1100101010001011010
1100101010011011011
1100101010101011100
1100101010111011101
1100101011001011110
1100101011011011111
1100101011101100000
1100101011111100001
1100101100001100010
1100101100011100011
1100101100101100100
1100101100111100101
1100101101001100110
1100101101011100111
1100101101101101000
1100101101111101001
1100101110001101010
1100101110011101011
1100101110101101100
1100101110111101101
1100101111001101110
1100101111011101111
1100101111101110000
1100101111111110001
1100110000000110011
1100110000010110100
1100110000100110101
1100110000110110110
1100110001000110111
1100110001010111000
1100110001100111001
1100110001110111010
1100110010000111011
1100110010010111100
1100110010100111101
1100110010110111110
1100110011000111111
1100110011011000000
1100110011101000001
1100110011111000010
1100110100001000011
1100110100011000100
1100110100101000101
1100110100111000110
1100110101001000111
1100110101011001000
1100110101101001001
1100110101111001010
1100110110001001011
1100110110011001100
1100110110101001101
1100110110111001110
1100110111001001111
1100110111011010000
1100110111101010001
1100110111111010010
1100111000001010011
1100111000011010100
1100111000101010101
1100111000111010110
1100111001001010111
1100111001011011000
1100111001101011001
1100111001111011010
1100111010001011011
1100111010011011100
1100111010101011101
1100111010111011110
1100111011001011111
1100111011011100000
1100111011101100001
1100111011111100010
1100111100001100011
1100111100011100100
1100111100101100101
1100111100111100110
1100111101001100111
1100111101011101000
1100111101101101001
1100111101111101010
1100111110001101011
1100111110011101100
1100111110101101101
1100111110111101110
1100111111001101111
1100111111011110000
1100111111101110001
1100111111111110010
1101000000000110100
1101000000010110101
1101000000100110110
1101000000110110111
1101000001000111000
1101000001010111001
1101000001100111010
1101000001110111011
1101000010000111100
1101000010010111101
1101000010100111110
1101000010110111111
1101000011001000000
1101000011011000001
1101000011101000010
1101000011111000011
1101000100001000100
1101000100011000101
1101000100101000110
1101000100111000111
1101000101001001000
1101000101011001001
1101000101101001010
1101000101111001011
1101000110001001100
1101000110011001101
1101000110101001110
1101000110111001111
1101000111001010000
1101000111011010001
1101000111101010010
1101000111111010011
1101001000001010100
1101001000011010101
1101001000101010110
1101001000111010111
1101001001001011000
1101001001011011001
1101001001101011010
1101001001111011011
1101001010001011100
1101001010011011101
1101001010101011110
1101001010111011111
1101001011001100000
1101001011011100001
1101001011101100010
1101001011111100011
1101001100001100100
1101001100011100101
1101001100101100110
1101001100111100111
1101001101001101000
1101001101011101001
1101001101101101010
1101001101111101011
1101001110001101100
1101001110011101101
1101001110101101110
1101001110111101111
1101001111001110000
1101001111011110001
1101001111101110010
1101001111111110011
1101010000000110101
1101010000010110110
1101010000100110111
1101010000110111000
1101010001000111001
1101010001010111010
1101010001100111011
1101010001110111100
1101010010000111101
1101010010010111110
1101010010100111111
1101010010111000000
1101010011001000001
1101010011011000010
1101010011101000011
1101010011111000100
1101010100001000101
1101010100011000110
1101010100101000111
1101010100111001000
1101010101001001001
1101010101011001010
1101010101101001011
1101010101111001100
1101010110001001101
1101010110011001110
1101010110101001111
1101010110111010000
1101010111001010001
1101010111011010010
1101010111101010011
1101010111111010100
1101011000001010101
1101011000011010110
1101011000101010111
1101011000111011000
1101011001001011001
1101011001011011010
1101011001101011011
1101011001111011100
1101011010001011101
1101011010011011110
1101011010101011111
1101011010111100000
1101011011001100001
1101011011011100010
1101011011101100011
1101011011111100100
1101011100001100101
1101011100011100110
1101011100101100111
1101011100111101000
1101011101001101001
1101011101011101010
1101011101101101011
1101011101111101100
1101011110001101101
1101011110011101110
1101011110101101111
1101011110111110000
1101011111001110001
1101011111011110010
1101011111101110011
1101011111111110100
1101100000000110110
1101100000010110111
1101100000100111000
1101100000110111001
1101100001000111010
1101100001010111011
1101100001100111100
1101100001110111101
1101100010000111110
1101100010010111111
1101100010101000000
1101100010111000001
1101100011001000010
1101100011011000011
1101100011101000100
1101100011111000101
1101100100001000110
1101100100011000111
1101100100101001000
1101100100111001001
1101100101001001010
1101100101011001011
1101100101101001100
1101100101111001101
1101100110001001110
1101100110011001111
1101100110101010000
1101100110111010001
1101100111001010010
1101100111011010011
1101100111101010100
1101100111111010101
1101101000001010110
1101101000011010111
1101101000101011000
1101101000111011001
1101101001001011010
1101101001011011011
1101101001101011100
1101101001111011101
1101101010001011110
1101101010011011111
1101101010101100000
1101101010111100001
1101101011001100010
1101101011011100011
1101101011101100100
1101101011111100101
1101101100001100110
1101101100011100111
1101101100101101000
1101101100111101001
1101101101001101010
1101101101011101011
1101101101101101100
1101101101111101101
1101101110001101110
1101101110011101111
1101101110101110000
1101101110111110001
1101101111001110010
1101101111011110011
1101101111101110100
1101101111111110101
1101110000000110111
1101110000010111000
1101110000100111001
1101110000110111010
1101110001000111011
1101110001010111100
1101110001100111101
1101110001110111110
1101110010000111111
1101110010011000000
1101110010101000001
1101110010111000010
1101110011001000011
1101110011011000100
1101110011101000101
1101110011111000110
1101110100001000111
1101110100011001000
1101110100101001001
1101110100111001010
1101110101001001011
1101110101011001100
1101110101101001101
1101110101111001110
1101110110001001111
1101110110011010000
1101110110101010001
1101110110111010010
1101110111001010011
1101110111011010100
1101110111101010101
1101110111111010110
1101111000001010111
1101111000011011000
1101111000101011001
1101111000111011010
1101111001001011011
1101111001011011100
1101111001101011101
1101111001111011110
1101111010001011111
1101111010011100000
1101111010101100001
1101111010111100010
1101111011001100011
1101111011011100100
1101111011101100101
1101111011111100110
1101111100001100111
1101111100011101000
1101111100101101001
1101111100111101010
1101111101001101011
1101111101011101100
1101111101101101101
1101111101111101110
1101111110001101111
1101111110011110000
1101111110101110001
1101111110111110010
1101111111001110011
1101111111011110100
1101111111101110101
1101111111111110110
1110000000000111000
1110000000010111001
1110000000100111010
1110000000110111011
1110000001000111100
1110000001010111101
1110000001100111110
1110000001110111111
1110000010001000000
1110000010011000001
1110000010101000010
1110000010111000011
1110000011001000100
1110000011011000101
1110000011101000110
1110000011111000111
1110000100001001000
1110000100011001001
1110000100101001010
1110000100111001011
1110000101001001100
1110000101011001101
1110000101101001110
1110000101111001111
1110000110001010000
1110000110011010001
1110000110101010010
1110000110111010011
1110000111001010100
1110000111011010101
1110000111101010110
1110000111111010111
1110001000001011000
1110001000011011001
1110001000101011010
1110001000111011011
1110001001001011100
1110001001011011101
1110001001101011110
1110001001111011111
1110001010001100000
1110001010011100001
1110001010101100010
1110001010111100011
1110001011001100100
1110001011011100101
1110001011101100110
1110001011111100111
1110001100001101000
1110001100011101001
1110001100101101010
1110001100111101011
1110001101001101100
1110001101011101101
1110001101101101110
1110001101111101111
1110001110001110000
1110001110011110001
1110001110101110010
1110001110111110011
1110001111001110100
1110001111011110101
1110001111101110110
1110001111111110111
1110010000000111001
1110010000010111010
1110010000100111011
1110010000110111100
1110010001000111101
1110010001010111110
1110010001100111111
1110010001111000000
1110010010001000001
1110010010011000010
1110010010101000011
1110010010111000100
1110010011001000101
1110010011011000110
1110010011101000111
1110010011111001000
1110010100001001001
1110010100011001010
1110010100101001011
1110010100111001100
1110010101001001101
1110010101011001110
1110010101101001111
1110010101111010000
1110010110001010001
1110010110011010010
1110010110101010011
1110010110111010100
1110010111001010101
1110010111011010110
1110010111101010111
1110010111111011000
1110011000001011001
1110011000011011010
1110011000101011011
1110011000111011100
1110011001001011101
1110011001011011110
1110011001101011111
1110011001111100000
1110011010001100001
1110011010011100010
1110011010101100011
1110011010111100100
1110011011001100101
1110011011011100110
1110011011101100111
1110011011111101000
1110011100001101001
1110011100011101010
1110011100101101011
1110011100111101100
1110011101001101101
1110011101011101110
1110011101101101111
1110011101111110000
1110011110001110001
1110011110011110010
1110011110101110011
1110011110111110100
1110011111001110101
1110011111011110110
1110011111101110111
1110011111111111000
1110100000000111010
1110100000010111011
1110100000100111100
1110100000110111101
1110100001000111110
1110100001010111111
1110100001101000000
1110100001111000001
1110100010001000010
1110100010011000011
1110100010101000100
1110100010111000101
1110100011001000110
1110100011011000111
1110100011101001000
1110100011111001001
1110100100001001010
1110100100011001011
1110100100101001100
1110100100111001101
1110100101001001110
1110100101011001111
1110100101101010000
1110100101111010001
1110100110001010010
1110100110011010011
1110100110101010100
1110100110111010101
1110100111001010110
1110100111011010111
1110100111101011000
1110100111111011001
1110101000001011010
1110101000011011011
1110101000101011100
1110101000111011101
1110101001001011110
1110101001011011111
1110101001101100000
1110101001111100001
1110101010001100010
1110101010011100011
1110101010101100100
1110101010111100101
1110101011001100110
1110101011011100111
1110101011101101000
1110101011111101001
1110101100001101010
1110101100011101011
1110101100101101100
1110101100111101101
1110101101001101110
1110101101011101111
1110101101101110000
1110101101111110001
1110101110001110010
1110101110011110011
1110101110101110100
1110101110111110101
1110101111001110110
1110101111011110111
1110101111101111000
1110101111111111001
1110110000000111011
1110110000010111100
1110110000100111101
1110110000110111110
1110110001000111111
1110110001011000000
1110110001101000001
1110110001111000010
1110110010001000011
1110110010011000100
1110110010101000101
1110110010111000110
1110110011001000111
1110110011011001000
1110110011101001001
1110110011111001010
1110110100001001011
1110110100011001100
1110110100101001101
1110110100111001110
1110110101001001111
1110110101011010000
1110110101101010001
1110110101111010010
1110110110001010011
1110110110011010100
1110110110101010101
1110110110111010110
1110110111001010111
1110110111011011000
1110110111101011001
1110110111111011010
1110111000001011011
1110111000011011100
1110111000101011101
1110111000111011110
1110111001001011111
1110111001011100000
1110111001101100001
1110111001111100010
1110111010001100011
1110111010011100100
1110111010101100101
1110111010111100110
1110111011001100111
1110111011011101000
1110111011101101001
1110111011111101010
1110111100001101011
1110111100011101100
1110111100101101101
1110111100111101110
1110111101001101111
1110111101011110000
1110111101101110001
1110111101111110010
1110111110001110011
1110111110011110100
1110111110101110101
1110111110111110110
1110111111001110111
1110111111011111000
1110111111101111001
1110111111111111010
1111000000000111100
1111000000010111101
1111000000100111110
1111000000110111111
1111000001001000000
1111000001011000001
1111000001101000010
1111000001111000011
1111000010001000100
1111000010011000101
1111000010101000110
1111000010111000111
1111000011001001000
1111000011011001001
1111000011101001010
1111000011111001011
1111000100001001100
1111000100011001101
1111000100101001110
1111000100111001111
1111000101001010000
1111000101011010001
1111000101101010010
1111000101111010011
1111000110001010100
1111000110011010101
1111000110101010110
1111000110111010111
1111000111001011000
1111000111011011001
1111000111101011010
1111000111111011011
1111001000001011100
1111001000011011101
1111001000101011110
1111001000111011111
1111001001001100000
1111001001011100001
1111001001101100010
1111001001111100011
1111001010001100100
1111001010011100101
1111001010101100110
1111001010111100111
1111001011001101000
1111001011011101001
1111001011101101010
1111001011111101011
1111001100001101100
1111001100011101101
1111001100101101110
1111001100111101111
1111001101001110000
1111001101011110001
1111001101101110010
1111001101111110011
1111001110001110100
1111001110011110101
1111001110101110110
1111001110111110111
1111001111001111000
1111001111011111001
1111001111101111010
1111001111111111011
1111010000000111101
1111010000010111110
1111010000100111111
1111010000111000000
1111010001001000001
1111010001011000010
1111010001101000011
1111010001111000100
1111010010001000101
1111010010011000110
1111010010101000111
1111010010111001000
1111010011001001001
1111010011011001010
1111010011101001011
1111010011111001100
1111010100001001101
1111010100011001110
1111010100101001111
1111010100111010000
1111010101001010001
1111010101011010010
1111010101101010011
1111010101111010100
1111010110001010101
1111010110011010110
1111010110101010111
1111010110111011000
1111010111001011001
1111010111011011010
1111010111101011011
1111010111111011100
1111011000001011101
1111011000011011110
1111011000101011111
1111011000111100000
1111011001001100001
1111011001011100010
1111011001101100011
1111011001111100100
1111011010001100101
1111011010011100110
1111011010101100111
1111011010111101000
1111011011001101001
1111011011011101010
1111011011101101011
1111011011111101100
1111011100001101101
1111011100011101110
1111011100101101111
1111011100111110000
1111011101001110001
1111011101011110010
1111011101101110011
1111011101111110100
1111011110001110101
1111011110011110110
1111011110101110111
1111011110111111000
1111011111001111001
1111011111011111010
1111011111101111011
1111011111111111100
1111100000000111110
1111100000010111111
1111100000101000000
1111100000111000001
1111100001001000010
1111100001011000011
1111100001101000100
1111100001111000101
1111100010001000110
1111100010011000111
1111100010101001000
1111100010111001001
1111100011001001010
1111100011011001011
1111100011101001100
1111100011111001101
1111100100001001110
1111100100011001111
1111100100101010000
1111100100111010001
1111100101001010010
1111100101011010011
1111100101101010100
1111100101111010101
1111100110001010110
1111100110011010111
1111100110101011000
1111100110111011001
1111100111001011010
1111100111011011011
1111100111101011100
1111100111111011101
1111101000001011110
1111101000011011111
1111101000101100000
1111101000111100001
1111101001001100010
1111101001011100011
1111101001101100100
1111101001111100101
1111101010001100110
1111101010011100111
1111101010101101000
1111101010111101001
1111101011001101010
1111101011011101011
1111101011101101100
1111101011111101101
1111101100001101110
1111101100011101111
1111101100101110000
1111101100111110001
1111101101001110010
1111101101011110011
1111101101101110100
1111101101111110101
1111101110001110110
1111101110011110111
1111101110101111000
1111101110111111001
1111101111001111010
1111101111011111011
1111101111101111100
1111101111111111101
1111110000000111111
1111110000011000000
1111110000101000001
1111110000111000010
1111110001001000011
1111110001011000100
1111110001101000101
1111110001111000110
1111110010001000111
1111110010011001000
1111110010101001001
1111110010111001010
1111110011001001011
1111110011011001100
1111110011101001101
1111110011111001110
1111110100001001111
1111110100011010000
1111110100101010001
1111110100111010010
1111110101001010011
1111110101011010100
1111110101101010101
1111110101111010110
1111110110001010111
1111110110011011000
1111110110101011001
1111110110111011010
1111110111001011011
1111110111011011100
1111110111101011101
1111110111111011110
1111111000001011111
1111111000011100000
1111111000101100001
1111111000111100010
1111111001001100011
1111111001011100100
1111111001101100101
1111111001111100110
1111111010001100111
1111111010011101000
1111111010101101001
1111111010111101010
1111111011001101011
1111111011011101100
1111111011101101101
1111111011111101110
1111111100001101111
1111111100011110000
1111111100101110001
1111111100111110010
1111111101001110011
1111111101011110100
1111111101101110101
1111111101111110110
1111111110001110111
1111111110011111000
1111111110101111001
1111111110111111010
1111111111001111011
1111111111011111100
1111111111101111101
1111111111111111110
